0 0.53072265625 0.2534765625 0.12072265625 0.35072265625
0 0.67078125 0.278515625 0.10298828125 0.30962890625
0 0.49841796875 0.503828125 0.179296875 0.091875
0 0.8280859375 0.50427734375 0.343828125 0.08408203125
0 0.7695703125 0.0562109375 0.36130859375 0.112421875
0 0.04814453125 0.5599609375 0.0962890625 0.15205078125
0 0.8628125 0.602578125 0.274375 0.08970703125
0 0.675546875 0.6404296875 0.125546875 0.07859375
0 0.416875 0.6519140625 0.14640625 0.12328125
0 0.5426171875 0.659375 0.09404296875 0.10345703125
0 0.68619140625 0.75654296875 0.1555078125 0.09380859375
0 0.6850390625 0.85263671875 0.12283203125 0.11673828125
0 0.7351171875 0.9503125 0.20998046875 0.09939453125
0 0.8808203125 0.957890625 0.09326171875 0.08419921875